255 255 255 255 255 255 255 255 255 255 255 255 255 255 255 255
255 255 255 255 255 255 255 255 255 255 255 255 255 255 255 255
255 255 255 255 255 195  96  96  96  96 195 255 255 255 255 255
255 255 255 255  32  20   0   0   0   0  20  32 255 255 255 255
255 255 255  32   0   0   0   0   0   0   0   0  32 255 255 255
255 255 195  20   0   0   0   0   0   0   0   0  20 195 255 255
255 255  96   0   0   0 100 159 159 100   0   0   0  96 255 255
255 255  96   0   0   0 159 255 255 159   0   0   0  96 255 255
255 255  96   0   0   0 148 253 251 139   0   0   0  96 255 255
255 255  96   0   0   0  44 148 139   0   0   0   0  96 255 255
255 255 195  20   0   0   0   0   0   0   0   0  20 195 255 255
255 255 255  32   0   0   0   0   0   0   0   0  32 255 255 255
255 255 255 255  32  20   0   0   0   0  20  32 255 255 255 255
255 255 255 255 255 195  96  96  96  96 195 255 255 255 255 255
255 255 255 255 255 255 255 255 255 255 255 255 255 255 255 255
255 255 255 255 255 255 255 255 255 255 255 255 255 255 255 255
255 255 255 255 255 255 255 255 255 255 255 255 255 255 255 255
255 255 255 255 255 255 255 255 255 255 255 255 255 255 255 255
255 255 255 255 255 195  96  96  96  96 195 255 255 255 255 255
255 255 255 255  32  20   0   0   0   0  20  32 255 255 255 255
255 255 255  32   0   0   0   0   0   0   0   0  32 255 255 255
255 255 195  20   0   0   0   0   0   0   0   0  20 195 255 255
255 255  96   0   0   0 100 159 159 100   0   0   0  96 255 255
255 255  96   0   0   0 159 255 255 159   0   0   0  96 255 255
255 255  96   0   0   0 148 253 251 139   0   0   0  96 255 255
255 255  96   0   0   0  44 148 139   0   0   0   0  96 255 255
255 255 195  20   0   0   0   0   0   0   0   0  20 195 255 255
255 255 255  32   0   0   0   0   0   0   0   0  32 255 255 255
255 255 255 255  32  20   0   0   0   0  20  32 255 255 255 255
255 255 255 255 255 195  96  96  96  96 195 255 255 255 255 255
255 255 255 255 255 255 255 255 255 255 255 255 255 255 255 255
255 255 255 255 255 255 255 255 255 255 255 255 255 255 255 255
255 255 255 255 255 255 255 255 255 255 255 255 255 255 255 255
255 255 255 255 255 255 255 255 255 255 255 255 255 255 255 255
255 255 255 255 255 195  96  96  96  96 195 255 255 255 255 255
255 255 255 255  32  20   0   0   0   0  20  32 255 255 255 255
255 255 255  32   0   0   0   0   0   0   0   0  32 255 255 255
255 255 195  20   0   0   0   0   0   0   0   0  20 195 255 255
255 255  96   0   0   0 100 159 159 100   0   0   0  96 255 255
255 255  96   0   0   0 159 255 255 159   0   0   0  96 255 255
255 255  96   0   0   0 148 253 251 139   0   0   0  96 255 255
255 255  96   0   0   0  44 148 139   0   0   0   0  96 255 255
255 255 195  20   0   0   0   0   0   0   0   0  20 195 255 255
255 255 255  32   0   0   0   0   0   0   0   0  32 255 255 255
255 255 255 255  32  20   0   0   0   0  20  32 255 255 255 255
255 255 255 255 255 195  96  96  96  96 195 255 255 255 255 255
255 255 255 255 255 255 255 255 255 255 255 255 255 255 255 255
255 255 255 255 255 255 255 255 255 255 255 255 255 255 255 255

255 255 255 255 255 255 255 255 255 255 255 255 255 255 255 255
255 255 255 255 255 255 255 255 255 255 255 255 255 255 255 255
255 255 255 255 255 195  96  96  96  96 195 255 255 255 255 255
255 255 255 255  32  20   0   0   0   0  20  32 255 255 255 255
255 255 255  32   0   0   0   0   0   0   0   0  32 255 255 255
255 255 195  20   0   0   0   0   0   0   0   0  20 195 255 255
255 255  96   0   0   0 100 159 139   0   0   0   0  96 255 255
255 255  96   0   0   0 159 255 251 139   0   0   0  96 255 255
255 255  96   0   0   0 159 255 253 148   0   0   0  96 255 255
255 255  96   0   0   0 100 159 148  44   0   0   0  96 255 255
255 255 195  20   0   0   0   0   0   0   0   0  20 195 255 255
255 255 255  32   0   0   0   0   0   0   0   0  32 255 255 255
255 255 255 255  32  20   0   0   0   0  20  32 255 255 255 255
255 255 255 255 255 195  96  96  96  96 195 255 255 255 255 255
255 255 255 255 255 255 255 255 255 255 255 255 255 255 255 255
255 255 255 255 255 255 255 255 255 255 255 255 255 255 255 255
255 255 255 255 255 255 255 255 255 255 255 255 255 255 255 255
255 255 255 255 255 255 255 255 255 255 255 255 255 255 255 255
255 255 255 255 255 195  96  96  96  96 195 255 255 255 255 255
255 255 255 255  32  20   0   0   0   0  20  32 255 255 255 255
255 255 255  32   0   0   0   0   0   0   0   0  32 255 255 255
255 255 195  20   0   0   0   0   0   0   0   0  20 195 255 255
255 255  96   0   0   0 100 159 139   0   0   0   0  96 255 255
255 255  96   0   0   0 159 255 251 139   0   0   0  96 255 255
255 255  96   0   0   0 159 255 253 148   0   0   0  96 255 255
255 255  96   0   0   0 100 159 148  44   0   0   0  96 255 255
255 255 195  20   0   0   0   0   0   0   0   0  20 195 255 255
255 255 255  32   0   0   0   0   0   0   0   0  32 255 255 255
255 255 255 255  32  20   0   0   0   0  20  32 255 255 255 255
255 255 255 255 255 195  96  96  96  96 195 255 255 255 255 255
255 255 255 255 255 255 255 255 255 255 255 255 255 255 255 255
255 255 255 255 255 255 255 255 255 255 255 255 255 255 255 255
255 255 255 255 255 255 255 255 255 255 255 255 255 255 255 255
255 255 255 255 255 255 255 255 255 255 255 255 255 255 255 255
255 255 255 255 255 195  96  96  96  96 195 255 255 255 255 255
255 255 255 255  32  20   0   0   0   0  20  32 255 255 255 255
255 255 255  32   0   0   0   0   0   0   0   0  32 255 255 255
255 255 195  20   0   0   0   0   0   0   0   0  20 195 255 255
255 255  96   0   0   0 100 159 139   0   0   0   0  96 255 255
255 255  96   0   0   0 159 255 251 139   0   0   0  96 255 255
255 255  96   0   0   0 159 255 253 148   0   0   0  96 255 255
255 255  96   0   0   0 100 159 148  44   0   0   0  96 255 255
255 255 195  20   0   0   0   0   0   0   0   0  20 195 255 255
255 255 255  32   0   0   0   0   0   0   0   0  32 255 255 255
255 255 255 255  32  20   0   0   0   0  20  32 255 255 255 255
255 255 255 255 255 195  96  96  96  96 195 255 255 255 255 255
255 255 255 255 255 255 255 255 255 255 255 255 255 255 255 255
255 255 255 255 255 255 255 255 255 255 255 255 255 255 255 255

255 255 255 255 255 255 255 255 255 255 255 255 255 255 255 255
255 255 255 255 255 253 243 231 231 243 253 255 255 255 255 255
255 255 255 255 243 159  89  72  72  89 159 242 255 255 255 255
255 255 255 247  64  13   1   0   0   1  13  63 247 255 255 255
255 255 243  64   0   0   0   0   0   0   0   0  63 242 255 255
255 253 159  13   0   0   0   4   4   0   0   0  13 158 253 255
255 243  89   1   0   0  51 142 142  52   0   0   1  89 243 255
255 231  72   0   0  13 158 249 249 159  13   0   0  72 231 255
255 231  72   0   0  20 174 254 254 175  21   0   0  72 231 255
255 243  89   1   0   2  86 195 195  86   2   0   1  89 243 255
255 253 159  13   0   0   4  39  39   4   0   0  12 158 253 255
255 255 242  63   0   0   0   0   0   0   0   0  63 242 255 255
255 255 255 247  63  13   1   0   0   1  12  63 247 255 255 255
255 255 255 255 242 158  89  72  72  89 158 242 255 255 255 255
255 255 255 255 255 253 243 231 231 243 253 255 255 255 255 255
255 255 255 255 255 255 255 255 255 255 255 255 255 255 255 255
255 255 255 255 255 255 255 255 255 255 255 255 255 255 255 255
255 255 255 255 255 253 243 231 231 243 253 255 255 255 255 255
255 255 255 255 243 159  89  72  72  89 159 242 255 255 255 255
255 255 255 247  64  13   1   0   0   1  13  63 247 255 255 255
255 255 243  64   0   0   0   0   0   0   0   0  63 242 255 255
255 253 159  13   0   0   0   4   4   0   0   0  13 158 253 255
255 243  89   1   0   0  51 142 142  52   0   0   1  89 243 255
255 231  72   0   0  13 158 249 249 159  13   0   0  72 231 255
255 231  72   0   0  20 174 254 254 175  21   0   0  72 231 255
255 243  89   1   0   2  86 195 195  86   2   0   1  89 243 255
255 253 159  13   0   0   4  39  39   4   0   0  12 158 253 255
255 255 242  63   0   0   0   0   0   0   0   0  63 242 255 255
255 255 255 247  63  13   1   0   0   1  12  63 247 255 255 255
255 255 255 255 242 158  89  72  72  89 158 242 255 255 255 255
255 255 255 255 255 253 243 231 231 243 253 255 255 255 255 255
255 255 255 255 255 255 255 255 255 255 255 255 255 255 255 255
255 255 255 255 255 255 255 255 255 255 255 255 255 255 255 255
255 255 255 255 255 253 243 231 231 243 253 255 255 255 255 255
255 255 255 255 243 159  89  72  72  89 159 242 255 255 255 255
255 255 255 247  64  13   1   0   0   1  13  63 247 255 255 255
255 255 243  64   0   0   0   0   0   0   0   0  63 242 255 255
255 253 159  13   0   0   0   4   4   0   0   0  13 158 253 255
255 243  89   1   0   0  51 142 142  52   0   0   1  89 243 255
255 231  72   0   0  13 158 249 249 159  13   0   0  72 231 255
255 231  72   0   0  20 174 254 254 175  21   0   0  72 231 255
255 243  89   1   0   2  86 195 195  86   2   0   1  89 243 255
255 253 159  13   0   0   4  39  39   4   0   0  12 158 253 255
255 255 242  63   0   0   0   0   0   0   0   0  63 242 255 255
255 255 255 247  63  13   1   0   0   1  12  63 247 255 255 255
255 255 255 255 242 158  89  72  72  89 158 242 255 255 255 255
255 255 255 255 255 253 243 231 231 243 253 255 255 255 255 255
255 255 255 255 255 255 255 255 255 255 255 255 255 255 255 255

255 255 255 255 255 255 255 255 255 255 255 255 255 255 255 255
255 255 255 255 255 253 243 231 231 243 253 255 255 255 255 255
255 255 255 255 243 159  89  72  72  89 159 243 255 255 255 255
255 255 255 247  64  13   1   0   0   1  13  63 247 255 255 255
255 255 243  64   0   0   0   0   0   0   0   0  63 243 255 255
255 253 160  13   0   0   0  14  21   2   0   0  13 159 253 255
255 244  90   1   0   0  52 159 176  87   4   0   1  89 243 255
255 232  72   0   0   4 143 250 254 195  40   0   0  72 231 255
255 232  72   0   0   4 143 250 254 195  40   0   0  72 231 255
255 244  90   1   0   0  52 158 175  86   4   0   1  89 243 255
255 253 160  13   0   0   0  13  20   2   0   0  13 159 253 255
255 255 243  65   0   0   0   0   0   0   0   0  64 243 255 255
255 255 255 247  65  13   1   0   0   1  13  64 247 255 255 255
255 255 255 255 243 160  90  72  72  90 160 243 255 255 255 255
255 255 255 255 255 253 244 232 232 244 253 255 255 255 255 255
255 255 255 255 255 255 255 255 255 255 255 255 255 255 255 255
255 255 255 255 255 255 255 255 255 255 255 255 255 255 255 255
255 255 255 255 255 253 243 231 231 243 253 255 255 255 255 255
255 255 255 255 243 159  89  72  72  89 159 243 255 255 255 255
255 255 255 247  64  13   1   0   0   1  13  63 247 255 255 255
255 255 243  64   0   0   0   0   0   0   0   0  63 243 255 255
255 253 160  13   0   0   0  14  21   2   0   0  13 159 253 255
255 244  90   1   0   0  52 159 176  87   4   0   1  89 243 255
255 232  72   0   0   4 143 250 254 195  40   0   0  72 231 255
255 232  72   0   0   4 143 250 254 195  40   0   0  72 231 255
255 244  90   1   0   0  52 158 175  86   4   0   1  89 243 255
255 253 160  13   0   0   0  13  20   2   0   0  13 159 253 255
255 255 243  65   0   0   0   0   0   0   0   0  64 243 255 255
255 255 255 247  65  13   1   0   0   1  13  64 247 255 255 255
255 255 255 255 243 160  90  72  72  90 160 243 255 255 255 255
255 255 255 255 255 253 244 232 232 244 253 255 255 255 255 255
255 255 255 255 255 255 255 255 255 255 255 255 255 255 255 255
255 255 255 255 255 255 255 255 255 255 255 255 255 255 255 255
255 255 255 255 255 253 243 231 231 243 253 255 255 255 255 255
255 255 255 255 243 159  89  72  72  89 159 243 255 255 255 255
255 255 255 247  64  13   1   0   0   1  13  63 247 255 255 255
255 255 243  64   0   0   0   0   0   0   0   0  63 243 255 255
255 253 160  13   0   0   0  14  21   2   0   0  13 159 253 255
255 244  90   1   0   0  52 159 176  87   4   0   1  89 243 255
255 232  72   0   0   4 143 250 254 195  40   0   0  72 231 255
255 232  72   0   0   4 143 250 254 195  40   0   0  72 231 255
255 244  90   1   0   0  52 158 175  86   4   0   1  89 243 255
255 253 160  13   0   0   0  13  20   2   0   0  13 159 253 255
255 255 243  65   0   0   0   0   0   0   0   0  64 243 255 255
255 255 255 247  65  13   1   0   0   1  13  64 247 255 255 255
255 255 255 255 243 160  90  72  72  90 160 243 255 255 255 255
255 255 255 255 255 253 244 232 232 244 253 255 255 255 255 255
255 255 255 255 255 255 255 255 255 255 255 255 255 255 255 255
